batch_average_metrics:
  accuracy: 0.9990426472253802
  dice: 0.5346698069424722
  f1: 0.5346697597147163
  iou: 0.3684115832184497
  precision: 0.4417563860033419
  recall: 0.6929275629670387
evaluation_time: '2025-01-06 16:24:13'
model_path: ./train_model\best_model.pth
overall_metrics:
  accuracy: 0.9991378784179688
  dice: 0.5608580755435966
  f1: 0.5608580755479559
  iou: 0.3897170015079961
  precision: 0.46049776643267387
  recall: 0.7171536473862056
