batch_average_metrics:
  accuracy: 0.9990847660942961
  dice: 0.5329669279875172
  f1: 0.5329668820888503
  iou: 0.3689292771957661
  precision: 0.43613810037116507
  recall: 0.7344128351798151
evaluation_time: '2025-01-06 16:28:03'
model_path: ./train_model\best_model.pth
overall_metrics:
  accuracy: 0.9991375732421875
  dice: 0.5607709045651168
  f1: 0.5607709045694746
  iou: 0.3896328293694424
  precision: 0.46038024754370294
  recall: 0.7171536473862056
