batch_average_metrics:
  accuracy: 0.9993499216406264
  dice: 0.6003971417305115
  f1: 0.6003970966710891
  iou: 0.43151895025074627
  precision: 0.46822839952384493
  recall: 0.8670354673124131
evaluation_time: '2025-01-06 16:17:55'
model_path: ./train_model\best_model.pth
overall_metrics:
  accuracy: 0.9993796784090493
  dice: 0.6188939383946543
  f1: 0.6188939383960131
  iou: 0.4481147071900295
  precision: 0.48993708505683203
  recall: 0.8399880810488677
